00   0 40763043 40485829 41040257 12.5 12.4 12.6 11445264 11310265 11580263 16.0 15.8 16.2  8139044  8036505  8241583 15.3 15.1 15.5  77719  77533  77905 3027969 2977590 3078348 16.8 16.5 17.1 United States                                 US est23us.txt  27NOV2024
01   0   780043   762230   797856 15.7 15.3 16.1   236320   226963   245677 21.3 20.5 22.1   165981   157700   174262 20.2 19.2 21.2  62248  61546  62950   66457   61943   70971 23.2 21.6 24.8 Alabama                                       AL est23us.txt  27NOV2024
02   0    75594    71582    79606 10.5  9.9 11.1    21568    19587    23549 12.5 11.4 13.6    14239    12439    16039 11.2  9.8 12.6  88696  86365  91027    6451    5648    7254 14.5 12.7 16.3 Alaska                                        AK est23us.txt  27NOV2024
04   0   917925   893776   942074 12.6 12.3 12.9   246285   234756   257814 15.8 15.1 16.5   174022   163713   184331 15.0 14.1 15.9  77158  76244  78072   65451   60510   70392 17.1 15.8 18.4 Arizona                                       AZ est23us.txt  27NOV2024
05   0   459700   446622   472778 15.4 15.0 15.8   140145   132654   147636 20.2 19.1 21.3    98718    91995   105441 19.2 17.9 20.5  58748  57628  59868   38354   35092   41616 21.8 19.9 23.7 Arkansas                                      AR est23us.txt  27NOV2024
06   0  4597732  4546196  4649268 12.0 11.9 12.1  1242302  1210490  1274114 15.0 14.6 15.4   910976   881147   940805 14.6 14.1 15.1  95473  94866  96080  300103  288207  311999 14.7 14.1 15.3 California                                    CA est23us.txt  27NOV2024
08   0   538673   522400   554946  9.4  9.1  9.7   129751   120315   139187 10.9 10.1 11.7    92132    83350   100914 10.4  9.4 11.4  92790  91759  93821   33105   29119   37091 11.0  9.7 12.3 Colorado                                      CO est23us.txt  27NOV2024
09   0   359550   346716   372384 10.2  9.8 10.6    92619    86487    98751 13.0 12.1 13.9    66901    61217    72585 12.5 11.4 13.6  91477  90074  92880   23212   20900   25524 13.2 11.9 14.5 Connecticut                                   CT est23us.txt  27NOV2024
10   0   109203   103844   114562 10.8 10.3 11.3    32159    29469    34849 15.4 14.1 16.7    22630    20149    25111 14.7 13.1 16.3  81615  80048  83182    8737    7696    9778 16.5 14.5 18.5 Delaware                                      DE est23us.txt  27NOV2024
11   0    98811    91948   105674 15.2 14.1 16.3    25956    21852    30060 20.7 17.4 24.0    17387    13544    21230 19.9 15.5 24.3 104643 100688 108598    8006    6955    9057 21.3 18.5 24.1 District of Columbia                          DC est23us.txt  27NOV2024
12   0  2741486  2696849  2786123 12.4 12.2 12.6   689967   663989   715945 16.0 15.4 16.6   490285   465979   514591 15.3 14.5 16.1  73283  72710  73856  184927  175337  194517 16.9 16.0 17.8 Florida                                       FL est23us.txt  27NOV2024
13   0  1477354  1447988  1506720 13.7 13.4 14.0   469680   452784   486576 18.8 18.1 19.5   336537   321803   351271 18.0 17.2 18.8  74521  73701  75341  123211  116194  130228 19.9 18.8 21.0 Georgia                                       GA est23us.txt  27NOV2024
15   0   143193   136530   149856 10.2  9.7 10.7    33698    30498    36898 11.8 10.7 12.9    24159    21252    27066 11.5 10.1 12.9  96716  94413  99019    8530    7190    9870 11.4  9.6 13.2 Hawaii                                        HI est23us.txt  27NOV2024
16   0   193938   185796   202080 10.1  9.7 10.5    52105    47643    56567 11.3 10.3 12.3    35671    31558    39784 10.2  9.0 11.4  74859  73766  75952   14628   12965   16291 13.2 11.7 14.7 Idaho                                         ID est23us.txt  27NOV2024
17   0  1424894  1399249  1450539 11.6 11.4 11.8   390309   374473   406145 14.7 14.1 15.3   283612   268995   298229 14.2 13.5 14.9  80346  79717  80975   97185   90380  103990 15.0 13.9 16.1 Illinois                                      IL est23us.txt  27NOV2024
18   0   815808   798319   833297 12.2 11.9 12.5   234986   223654   246318 15.1 14.4 15.8   161556   151532   171580 14.0 13.1 14.9  69458  68663  70253   65440   60388   70492 16.6 15.3 17.9 Indiana                                       IN est23us.txt  27NOV2024
19   0   344877   333999   355755 11.1 10.8 11.4    93466    87620    99312 13.0 12.2 13.8    64031    58920    69142 12.0 11.0 13.0  71662  70557  72767   25764   23195   28333 14.3 12.9 15.7 Iowa                                          IA est23us.txt  27NOV2024
20   0   319815   309809   329821 11.2 10.8 11.6    89475    83828    95122 13.1 12.3 13.9    61072    55703    66441 12.0 10.9 13.1  70316  69173  71459   24698   22511   26885 14.5 13.2 15.8 Kansas                                        KS est23us.txt  27NOV2024
21   0   709405   694249   724561 16.1 15.8 16.4   201537   192985   210089 20.2 19.3 21.1   140775   133209   148341 19.1 18.1 20.1  61099  60452  61746   55659   51623   59695 21.8 20.2 23.4 Kentucky                                      KY est23us.txt  27NOV2024
22   0   839489   820715   858263 18.9 18.5 19.3   264541   254093   274989 25.2 24.2 26.2   187668   178447   196889 24.3 23.1 25.5  58273  57163  59383   73608   68953   78263 26.9 25.2 28.6 Louisiana                                     LA est23us.txt  27NOV2024
23   0   141996   135779   148213 10.5 10.0 11.0    30775    28088    33462 12.6 11.5 13.7    22055    19527    24583 12.0 10.6 13.4  73463  71871  75055    7594    6655    8533 12.8 11.2 14.4 Maine                                         ME est23us.txt  27NOV2024
24   0   585097   567972   602222  9.7  9.4 10.0   149906   140708   159104 11.3 10.6 12.0   100848    92877   108819 10.2  9.4 11.0  98568  97322  99814   43897   39556   48238 12.9 11.6 14.2 Maryland                                      MD est23us.txt  27NOV2024
25   0   710123   690897   729349 10.5 10.2 10.8   167647   158086   177208 12.7 12.0 13.4   120943   112162   129724 12.3 11.4 13.2  99750  98449 101051   42403   38256   46550 12.7 11.5 13.9 Massachusetts                                 MA est23us.txt  27NOV2024
26   0  1322242  1300052  1344432 13.5 13.3 13.7   362488   350169   374807 17.5 16.9 18.1   260197   249328   271066 16.8 16.1 17.5  69097  68410  69784   92925   87339   98511 18.0 16.9 19.1 Michigan                                      MI est23us.txt  27NOV2024
27   0   519464   505940   532988  9.2  9.0  9.4   130152   122644   137660 10.2  9.6 10.8    93142    86450    99834  9.7  9.0 10.4  85070  84312  85828   33149   29941   36357 10.3  9.3 11.3 Minnesota                                     MN est23us.txt  27NOV2024
28   0   519394   504744   534044 18.3 17.8 18.8   162144   154104   170184 24.3 23.1 25.5   116460   109073   123847 23.5 22.0 25.0  54386  53167  55605   42775   39541   46009 25.3 23.4 27.2 Mississippi                                   MS est23us.txt  27NOV2024
29   0   723813   706471   741155 12.0 11.7 12.3   197439   187567   207311 14.7 14.0 15.4   134329   125404   143254 13.5 12.6 14.4  68484  67601  69367   55225   51085   59365 16.3 15.1 17.5 Missouri                                      MO est23us.txt  27NOV2024
30   0   130301   124943   135659 11.8 11.3 12.3    29566    27228    31904 12.8 11.8 13.8    20274    18231    22317 11.7 10.5 12.9  70939  69537  72341    7769    6830    8708 14.0 12.3 15.7 Montana                                       MT est23us.txt  27NOV2024
31   0   197626   189186   206066 10.2  9.8 10.6    52447    48243    56651 11.1 10.2 12.0    35923    32205    39641 10.3  9.2 11.4  74727  73441  76013   14251   12331   16171 11.8 10.2 13.4 Nebraska                                      NE est23us.txt  27NOV2024
32   0   383742   370444   397040 12.2 11.8 12.6   110536   103625   117447 16.4 15.4 17.4    76028    69885    82171 15.1 13.9 16.3  76332  74949  77715   31901   28846   34956 19.2 17.4 21.0 Nevada                                        NV est23us.txt  27NOV2024
33   0    99969    94253   105685  7.3  6.9  7.7    20374    17733    23015  8.2  7.1  9.3    14479    12092    16866  7.8  6.5  9.1  97031  95009  99053    4881    3829    5933  8.0  6.3  9.7 New Hampshire                                 NH est23us.txt  27NOV2024
34   0   885529   864431   906627  9.7  9.5  9.9   252962   240126   265798 12.8 12.2 13.4   182096   170599   193593 12.4 11.6 13.2  99716  98681 100751   63535   58505   68565 12.6 11.6 13.6 New Jersey                                    NJ est23us.txt  27NOV2024
35   0   349872   338041   361703 16.9 16.3 17.5   100608    94409   106807 22.6 21.2 24.0    73867    68124    79610 21.9 20.2 23.6  62286  61051  63521   25201   22940   27462 23.9 21.8 26.0 New Mexico                                    NM est23us.txt  27NOV2024
36   0  2697685  2660117  2735253 14.1 13.9 14.3   718306   697430   739182 18.6 18.1 19.1   509260   490827   527693 17.9 17.3 18.5  82052  81555  82549  191582  182237  200927 19.1 18.2 20.0 New York                                      NY est23us.txt  27NOV2024
37   0  1351818  1325459  1378177 12.8 12.6 13.0   403041   388602   417480 17.5 16.9 18.1   287984   274735   301233 16.9 16.1 17.7  70838  70296  71380  108394  102807  113981 18.4 17.5 19.3 North Carolina                                NC est23us.txt  27NOV2024
38   0    75483    71409    79557 10.0  9.5 10.5    18256    16126    20386 10.1  8.9 11.3    12405    10468    14342  9.4  7.9 10.9  77346  75613  79079    4979    4091    5867 10.5  8.6 12.4 North Dakota                                  ND est23us.txt  27NOV2024
39   0  1518116  1492381  1543851 13.2 13.0 13.4   441934   425613   458255 17.5 16.9 18.1   310474   295383   325565 16.6 15.8 17.4  67873  67151  68595  119373  112556  126190 18.6 17.5 19.7 Ohio                                          OH est23us.txt  27NOV2024
40   0   621050   609199   632901 15.8 15.5 16.1   194200   187244   201156 20.5 19.8 21.2   136860   130615   143105 19.3 18.4 20.2  62120  61642  62598   53890   50800   56980 22.8 21.5 24.1 Oklahoma                                      OK est23us.txt  27NOV2024
41   0   503758   490856   516660 12.1 11.8 12.4   111495   104717   118273 13.6 12.8 14.4    78138    71799    84477 12.7 11.7 13.7  80061  79043  81079   29320   26574   32066 15.0 13.6 16.4 Oregon                                        OR est23us.txt  27NOV2024
42   0  1497696  1471263  1524129 11.9 11.7 12.1   400534   384307   416761 15.5 14.9 16.1   283155   268801   297509 14.7 14.0 15.4  73826  73318  74334  108674  101148  116200 16.8 15.6 18.0 Pennsylvania                                  PA est23us.txt  27NOV2024
44   0   120087   113989   126185 11.4 10.8 12.0    30274    27551    32997 15.1 13.7 16.5    20977    18443    23511 14.2 12.5 15.9  83518  81248  85788    8473    7424    9522 16.6 14.5 18.7 Rhode Island                                  RI est23us.txt  27NOV2024
45   0   724634   706516   742752 13.9 13.6 14.2   211225   201409   221041 18.8 17.9 19.7   151321   142435   160207 18.1 17.0 19.2  67988  66963  69013   55042   50957   59127 19.5 18.1 20.9 South Carolina                                SC est23us.txt  27NOV2024
46   0   101184    96133   106235 11.4 10.8 12.0    29314    26559    32069 13.5 12.2 14.8    20281    17737    22825 12.7 11.1 14.3  72794  70840  74748    8187    7150    9224 14.4 12.6 16.2 South Dakota                                  SD est23us.txt  27NOV2024
47   0   963479   942879   984079 13.8 13.5 14.1   290918   277427   304409 18.9 18.0 19.8   209003   196523   221483 18.4 17.3 19.5  67651  66801  68501   76677   71290   82064 19.2 17.8 20.6 Tennessee                                     TN est23us.txt  27NOV2024
48   0  4091368  4036213  4146523 13.7 13.5 13.9  1373461  1338184  1408738 18.4 17.9 18.9   978673   946489  1010857 17.6 17.0 18.2  75778  75308  76248  370789  356859  384719 19.6 18.9 20.3 Texas                                         TX est23us.txt  27NOV2024
49   0   302676   290726   314626  9.0  8.6  9.4    85097    78817    91377  9.2  8.5  9.9    60478    54809    66147  8.8  8.0  9.6  93030  91700  94360   21672   19241   24103  9.6  8.5 10.7 Utah                                          UT est23us.txt  27NOV2024
50   0    61591    58383    64799  9.9  9.4 10.4    11515    10202    12828 10.2  9.0 11.4     7966     6762     9170  9.3  7.9 10.7  80626  78364  82888    2804    2301    3307 10.7  8.8 12.6 Vermont                                       VT est23us.txt  27NOV2024
51   0   867052   847246   886858 10.2 10.0 10.4   235215   223684   246746 12.7 12.1 13.3   169137   158452   179822 12.3 11.5 13.1  89864  88915  90813   60411   55712   65110 12.7 11.7 13.7 Virginia                                      VA est23us.txt  27NOV2024
53   0   793263   773166   813360 10.3 10.0 10.6   196142   186017   206267 12.1 11.5 12.7   133532   124561   142503 11.2 10.5 11.9  94553  93372  95734   54850   50201   59499 13.4 12.3 14.5 Washington                                    WA est23us.txt  27NOV2024
54   0   281922   273889   289955 16.4 15.9 16.9    67559    63767    71351 19.6 18.5 20.7    47417    44026    50808 18.4 17.1 19.7  55875  54849  56901   18962   17283   20641 22.2 20.2 24.2 West Virginia                                 WV est23us.txt  27NOV2024
55   0   614069   599659   628479 10.6 10.4 10.8   157510   149367   165653 12.8 12.1 13.5   112259   105036   119482 12.2 11.4 13.0  74671  73907  75435   40822   37183   44461 13.5 12.3 14.7 Wisconsin                                     WI est23us.txt  27NOV2024
56   0    59458    55651    63265 10.4  9.7 11.1    15355    13577    17133 12.0 10.6 13.4    10731     9062    12400 11.0  9.3 12.7  73558  71435  75681    4039    3387    4691 13.3 11.2 15.4 Wyoming                                       WY est23us.txt  27NOV2024
